,종로구,중구,용산구,성동구,광진구,동대문구,중랑구,성북구,강북구,도봉구,노원구,은평구,서대문구,마포구,양천구,강서구,구로구,금천구,영등포구,동작구,관악구,서초구,강남구,송파구,강동구
종로구,0.055555555555555566,0.05407380704358751,0.0,0.0,0.0,0.051434449987363975,0.055555555555555566,0.050251890762960605,0.0,0.051434449987363975,0.055555555555555566,0.06804138174397718,0.0,0.050251890762960605,0.051434449987363975,0.05892556509887897,0.055555555555555566,0.0,0.055555555555555566,0.0,0.049147318718299055,0.05716619504750295,0.055555555555555566,0.055555555555555566,0.051434449987363975
중구,0.05407380704358751,0.05263157894736841,0.0,0.0,0.0,0.05006261743217588,0.05407380704358751,0.04891159880445184,0.0,0.05006261743217588,0.05407380704358751,0.06622661785325219,0.06131393394849658,0.04891159880445184,0.05006261743217588,0.057353933467640436,0.05407380704358751,0.0,0.05407380704358751,0.0,0.047836487323493986,0.05564148840746572,0.05407380704358751,0.05407380704358751,0.05006261743217588
용산구,0.0,0.0,0.07692307692307693,0.09245003270420485,0.08770580193070293,0.060522753266880246,0.0,0.05913123959890826,0.0,0.060522753266880246,0.0,0.0,0.07412493166611013,0.05913123959890826,0.060522753266880246,0.0,0.0,0.07692307692307693,0.0,0.07692307692307693,0.05783149319662403,0.0,0.0,0.0,0.060522753266880246
성동구,0.0,0.0,0.09245003270420485,0.1111111111111111,0.10540925533894598,0.0,0.0,0.0,0.0,0.0,0.0,0.0,0.0890870806374748,0.07106690545187014,0.0,0.0,0.0,0.09245003270420485,0.0,0.09245003270420485,0.06950480468569159,0.0,0.0,0.0,0.07273929674533079
광진구,0.0,0.0,0.08770580193070293,0.10540925533894598,0.1,0.0,0.0,0.0674199862463242,0.0,0.0,0.0,0.0,0.08451542547285167,0.0674199862463242,0.0,0.0,0.0,0.08770580193070293,0.0,0.08770580193070293,0.0659380473395787,0.0,0.0,0.0,0.06900655593423542
동대문구,0.051434449987363975,0.05006261743217588,0.060522753266880246,0.0,0.0,0.04761904761904762,0.051434449987363975,0.04652421051992354,0.0,0.04761904761904762,0.051434449987363975,0.0,0.058321184351980436,0.04652421051992354,0.04761904761904762,0.0545544725589981,0.051434449987363975,0.060522753266880246,0.051434449987363975,0.060522753266880246,0.04550157551932901,0.05292561240249632,0.051434449987363975,0.051434449987363975,0.04761904761904762
중랑구,0.055555555555555566,0.05407380704358751,0.0,0.0,0.0,0.051434449987363975,0.055555555555555566,0.050251890762960605,0.0,0.051434449987363975,0.055555555555555566,0.06804138174397718,0.0,0.050251890762960605,0.051434449987363975,0.05892556509887897,0.055555555555555566,0.0,0.055555555555555566,0.0,0.049147318718299055,0.05716619504750295,0.055555555555555566,0.055555555555555566,0.051434449987363975
성북구,0.050251890762960605,0.04891159880445184,0.05913123959890826,0.0,0.0674199862463242,0.04652421051992354,0.050251890762960605,0.04545454545454545,0.0,0.04652421051992354,0.050251890762960605,0.0,0.05698028822981897,0.04545454545454545,0.04652421051992354,0.053300179088902604,0.050251890762960605,0.05913123959890826,0.050251890762960605,0.05913123959890826,0.044455422447438706,0.05170876899950191,0.050251890762960605,0.050251890762960605,0.04652421051992354
강북구,0.0,0.0,0.0,0.0,0.0,0.0,0.0,0.0,0.4999999999999999,0.0,0.0,0.2041241452319315,0.0,0.0,0.0,0.0,0.0,0.0,0.0,0.0,0.0,0.0,0.0,0.0,0.0
도봉구,0.051434449987363975,0.05006261743217588,0.060522753266880246,0.0,0.0,0.04761904761904762,0.051434449987363975,0.04652421051992354,0.0,0.04761904761904762,0.051434449987363975,0.0,0.058321184351980436,0.04652421051992354,0.04761904761904762,0.0545544725589981,0.051434449987363975,0.060522753266880246,0.051434449987363975,0.060522753266880246,0.04550157551932901,0.05292561240249632,0.051434449987363975,0.051434449987363975,0.04761904761904762
노원구,0.055555555555555566,0.05407380704358751,0.0,0.0,0.0,0.051434449987363975,0.055555555555555566,0.050251890762960605,0.0,0.051434449987363975,0.055555555555555566,0.06804138174397718,0.0,0.050251890762960605,0.051434449987363975,0.05892556509887897,0.055555555555555566,0.0,0.055555555555555566,0.0,0.049147318718299055,0.05716619504750295,0.055555555555555566,0.055555555555555566,0.051434449987363975
은평구,0.06804138174397718,0.06622661785325219,0.0,0.0,0.0,0.0,0.06804138174397718,0.0,0.2041241452319315,0.0,0.06804138174397718,0.08333333333333336,0.0,0.0,0.0,0.07216878364870323,0.06804138174397718,0.0,0.06804138174397718,0.0,0.0,0.0700140042014005,0.06804138174397718,0.06804138174397718,0.0
서대문구,0.0,0.06131393394849658,0.07412493166611013,0.0890870806374748,0.08451542547285167,0.058321184351980436,0.0,0.05698028822981897,0.0,0.058321184351980436,0.0,0.0,0.07142857142857144,0.05698028822981897,0.058321184351980436,0.0,0.0,0.07412493166611013,0.0,0.07412493166611013,0.05572782125753529,0.0,0.0,0.0,0.058321184351980436
마포구,0.050251890762960605,0.04891159880445184,0.05913123959890826,0.07106690545187014,0.0674199862463242,0.04652421051992354,0.050251890762960605,0.04545454545454545,0.0,0.04652421051992354,0.050251890762960605,0.0,0.05698028822981897,0.04545454545454545,0.04652421051992354,0.0,0.050251890762960605,0.05913123959890826,0.050251890762960605,0.05913123959890826,0.044455422447438706,0.05170876899950191,0.050251890762960605,0.050251890762960605,0.04652421051992354
양천구,0.051434449987363975,0.05006261743217588,0.060522753266880246,0.0,0.0,0.04761904761904762,0.051434449987363975,0.04652421051992354,0.0,0.04761904761904762,0.051434449987363975,0.0,0.058321184351980436,0.04652421051992354,0.04761904761904762,0.0545544725589981,0.051434449987363975,0.060522753266880246,0.051434449987363975,0.060522753266880246,0.04550157551932901,0.05292561240249632,0.051434449987363975,0.051434449987363975,0.04761904761904762
강서구,0.05892556509887897,0.057353933467640436,0.0,0.0,0.0,0.0545544725589981,0.05892556509887897,0.053300179088902604,0.0,0.0545544725589981,0.05892556509887897,0.07216878364870323,0.0,0.0,0.0545544725589981,0.0625,0.05892556509887897,0.0,0.05892556509887897,0.0,0.05212860351426869,0.06063390625908324,0.05892556509887897,0.05892556509887897,0.0
구로구,0.055555555555555566,0.05407380704358751,0.0,0.0,0.0,0.051434449987363975,0.055555555555555566,0.050251890762960605,0.0,0.051434449987363975,0.055555555555555566,0.06804138174397718,0.0,0.050251890762960605,0.051434449987363975,0.05892556509887897,0.055555555555555566,0.0,0.055555555555555566,0.0,0.049147318718299055,0.05716619504750295,0.055555555555555566,0.055555555555555566,0.051434449987363975
금천구,0.0,0.0,0.07692307692307693,0.09245003270420485,0.08770580193070293,0.060522753266880246,0.0,0.05913123959890826,0.0,0.060522753266880246,0.0,0.0,0.07412493166611013,0.05913123959890826,0.060522753266880246,0.0,0.0,0.07692307692307693,0.0,0.07692307692307693,0.05783149319662403,0.0,0.0,0.0,0.060522753266880246
영등포구,0.055555555555555566,0.05407380704358751,0.0,0.0,0.0,0.051434449987363975,0.055555555555555566,0.050251890762960605,0.0,0.051434449987363975,0.055555555555555566,0.06804138174397718,0.0,0.050251890762960605,0.051434449987363975,0.05892556509887897,0.055555555555555566,0.0,0.055555555555555566,0.0,0.049147318718299055,0.05716619504750295,0.055555555555555566,0.055555555555555566,0.051434449987363975
동작구,0.0,0.0,0.07692307692307693,0.09245003270420485,0.08770580193070293,0.060522753266880246,0.0,0.05913123959890826,0.0,0.060522753266880246,0.0,0.0,0.07412493166611013,0.05913123959890826,0.060522753266880246,0.0,0.0,0.07692307692307693,0.0,0.07692307692307693,0.05783149319662403,0.0,0.0,0.0,0.060522753266880246
관악구,0.049147318718299055,0.047836487323493986,0.05783149319662403,0.06950480468569159,0.0659380473395787,0.04550157551932901,0.049147318718299055,0.044455422447438706,0.0,0.04550157551932901,0.049147318718299055,0.0,0.05572782125753529,0.044455422447438706,0.04550157551932901,0.05212860351426869,0.049147318718299055,0.05783149319662403,0.049147318718299055,0.05783149319662403,0.04347826086956522,0.05057217374241736,0.049147318718299055,0.049147318718299055,0.04550157551932901
서초구,0.05716619504750295,0.05564148840746572,0.0,0.0,0.0,0.05292561240249632,0.05716619504750295,0.05170876899950191,0.0,0.05292561240249632,0.05716619504750295,0.0700140042014005,0.0,0.05170876899950191,0.05292561240249632,0.06063390625908324,0.05716619504750295,0.0,0.05716619504750295,0.0,0.05057217374241736,0.058823529411764705,0.05716619504750295,0.05716619504750295,0.0
강남구,0.055555555555555566,0.05407380704358751,0.0,0.0,0.0,0.051434449987363975,0.055555555555555566,0.050251890762960605,0.0,0.051434449987363975,0.055555555555555566,0.06804138174397718,0.0,0.050251890762960605,0.051434449987363975,0.05892556509887897,0.055555555555555566,0.0,0.055555555555555566,0.0,0.049147318718299055,0.05716619504750295,0.055555555555555566,0.055555555555555566,0.051434449987363975
송파구,0.055555555555555566,0.05407380704358751,0.0,0.0,0.0,0.051434449987363975,0.055555555555555566,0.050251890762960605,0.0,0.051434449987363975,0.055555555555555566,0.06804138174397718,0.0,0.050251890762960605,0.051434449987363975,0.05892556509887897,0.055555555555555566,0.0,0.055555555555555566,0.0,0.049147318718299055,0.05716619504750295,0.055555555555555566,0.055555555555555566,0.051434449987363975
강동구,0.051434449987363975,0.05006261743217588,0.060522753266880246,0.07273929674533079,0.06900655593423542,0.04761904761904762,0.051434449987363975,0.04652421051992354,0.0,0.04761904761904762,0.051434449987363975,0.0,0.058321184351980436,0.04652421051992354,0.04761904761904762,0.0,0.051434449987363975,0.060522753266880246,0.051434449987363975,0.060522753266880246,0.04550157551932901,0.0,0.051434449987363975,0.051434449987363975,0.04761904761904762
