,종로구,중구,용산구,성동구,광진구,동대문구,중랑구,성북구,강북구,도봉구,노원구,은평구,서대문구,마포구,양천구,강서구,구로구,금천구,영등포구,동작구,관악구,서초구,강남구,송파구,강동구
종로구,0.14285714285714282,0.1889822365046136,0.09166984970282112,0.0,0.0,0.0944911182523068,0.11396057645963795,0.0,0.0,0.0,0.0,0.0,0.10482848367219183,0.0,0.0,0.0,0.0,0.14285714285714282,0.0,0.0,0.0,0.0,0.0,0.0,0.0
중구,0.1889822365046136,0.25,0.0,0.0,0.0,0.0,0.15075567228888181,0.0,0.0,0.0,0.0,0.0,0.0,0.0,0.0,0.0,0.0,0.1889822365046136,0.0,0.0,0.0,0.0,0.0,0.0,0.0
용산구,0.09166984970282112,0.0,0.058823529411764705,0.05423261445466404,0.0700140042014005,0.06063390625908324,0.07312724241271307,0.0700140042014005,0.0,0.0,0.0,0.05564148840746572,0.06726727939963124,0.058823529411764705,0.0,0.06063390625908324,0.06063390625908324,0.0,0.09166984970282112,0.05564148840746572,0.0700140042014005,0.0,0.0,0.06063390625908324,0.06262242910851494
성동구,0.0,0.0,0.05423261445466404,0.049999999999999996,0.06454972243679029,0.05590169943749474,0.06741998624632421,0.06454972243679029,0.05976143046671968,0.0,0.05976143046671968,0.0512989176042577,0.06201736729460423,0.05423261445466404,0.0,0.05590169943749474,0.05590169943749474,0.0,0.08451542547285165,0.0512989176042577,0.06454972243679029,0.06454972243679029,0.06201736729460423,0.05590169943749474,0.05773502691896257
광진구,0.0,0.0,0.0700140042014005,0.06454972243679029,0.08333333333333336,0.07216878364870323,0.0,0.08333333333333336,0.0,0.0,0.0,0.06622661785325219,0.08006407690254358,0.0700140042014005,0.0,0.07216878364870323,0.0,0.0,0.0,0.06622661785325219,0.08333333333333336,0.0,0.0,0.07216878364870323,0.0
동대문구,0.0944911182523068,0.0,0.06063390625908324,0.05590169943749474,0.07216878364870323,0.0625,0.07537783614444091,0.07216878364870323,0.0668153104781061,0.0,0.0,0.057353933467640436,0.06933752452815364,0.06063390625908324,0.0,0.0,0.0625,0.0944911182523068,0.0,0.057353933467640436,0.07216878364870323,0.0,0.0,0.0,0.06454972243679027
중랑구,0.11396057645963795,0.15075567228888181,0.07312724241271307,0.06741998624632421,0.0,0.07537783614444091,0.09090909090909091,0.08703882797784893,0.0,0.0,0.0,0.0,0.08362420100070908,0.0,0.0,0.0,0.0,0.11396057645963795,0.0,0.06917144638660747,0.08703882797784893,0.0,0.0,0.0,0.0
성북구,0.0,0.0,0.0700140042014005,0.06454972243679029,0.08333333333333336,0.07216878364870323,0.08703882797784893,0.08333333333333336,0.0,0.0,0.0,0.06622661785325219,0.08006407690254358,0.0700140042014005,0.0,0.0,0.0,0.0,0.1091089451179962,0.06622661785325219,0.08333333333333336,0.0,0.0,0.0,0.0
강북구,0.0,0.0,0.0,0.05976143046671968,0.0,0.0668153104781061,0.0,0.0,0.07142857142857144,0.08058229640253803,0.07142857142857144,0.06131393394849658,0.0,0.0,0.08058229640253803,0.0668153104781061,0.0668153104781061,0.0,0.0,0.06131393394849658,0.0,0.07715167498104597,0.07412493166611013,0.0668153104781061,0.06900655593423542
도봉구,0.0,0.0,0.0,0.0,0.0,0.0,0.0,0.0,0.08058229640253803,0.09090909090909091,0.08058229640253803,0.06917144638660747,0.0,0.0,0.09090909090909091,0.07537783614444091,0.07537783614444091,0.0,0.0,0.06917144638660747,0.0,0.0,0.08362420100070908,0.07537783614444091,0.0778498944161523
노원구,0.0,0.0,0.0,0.05976143046671968,0.0,0.0,0.0,0.0,0.07142857142857144,0.08058229640253803,0.07142857142857144,0.06131393394849658,0.0,0.06482037235521644,0.08058229640253803,0.0668153104781061,0.0668153104781061,0.0,0.0,0.06131393394849658,0.0,0.07715167498104597,0.07412493166611013,0.0668153104781061,0.06900655593423542
은평구,0.0,0.0,0.05564148840746572,0.0512989176042577,0.06622661785325219,0.057353933467640436,0.0,0.06622661785325219,0.06131393394849658,0.06917144638660747,0.06131393394849658,0.05263157894736841,0.06362847629757777,0.05564148840746572,0.06917144638660747,0.057353933467640436,0.057353933467640436,0.0,0.0,0.05263157894736841,0.0,0.06622661785325219,0.06362847629757777,0.057353933467640436,0.059234887775909226
서대문구,0.10482848367219183,0.0,0.06726727939963124,0.06201736729460423,0.08006407690254358,0.06933752452815364,0.08362420100070908,0.08006407690254358,0.0,0.0,0.0,0.06362847629757777,0.07692307692307693,0.06726727939963124,0.0,0.0,0.0,0.10482848367219183,0.0,0.06362847629757777,0.08006407690254358,0.0,0.0,0.0,0.0
마포구,0.0,0.0,0.058823529411764705,0.05423261445466404,0.0700140042014005,0.06063390625908324,0.0,0.0700140042014005,0.0,0.0,0.06482037235521644,0.05564148840746572,0.06726727939963124,0.058823529411764705,0.0,0.06063390625908324,0.06063390625908324,0.0,0.09166984970282112,0.05564148840746572,0.0700140042014005,0.0700140042014005,0.06726727939963124,0.06063390625908324,0.0
양천구,0.0,0.0,0.0,0.0,0.0,0.0,0.0,0.0,0.08058229640253803,0.09090909090909091,0.08058229640253803,0.06917144638660747,0.0,0.0,0.09090909090909091,0.07537783614444091,0.07537783614444091,0.0,0.0,0.0,0.0,0.08703882797784893,0.08362420100070908,0.07537783614444091,0.0778498944161523
강서구,0.0,0.0,0.06063390625908324,0.05590169943749474,0.07216878364870323,0.0,0.0,0.0,0.0668153104781061,0.07537783614444091,0.0668153104781061,0.057353933467640436,0.0,0.06063390625908324,0.07537783614444091,0.0625,0.0625,0.0,0.0,0.057353933467640436,0.0,0.07216878364870323,0.06933752452815364,0.0625,0.06454972243679027
구로구,0.0,0.0,0.06063390625908324,0.05590169943749474,0.0,0.0625,0.0,0.0,0.0668153104781061,0.07537783614444091,0.0668153104781061,0.057353933467640436,0.0,0.06063390625908324,0.07537783614444091,0.0625,0.0625,0.0,0.0,0.057353933467640436,0.0,0.07216878364870323,0.06933752452815364,0.0625,0.06454972243679027
금천구,0.14285714285714282,0.1889822365046136,0.0,0.0,0.0,0.0944911182523068,0.11396057645963795,0.0,0.0,0.0,0.0,0.0,0.10482848367219183,0.0,0.0,0.0,0.0,0.14285714285714282,0.0,0.0,0.1091089451179962,0.0,0.0,0.0,0.0
영등포구,0.0,0.0,0.09166984970282112,0.08451542547285165,0.0,0.0,0.0,0.1091089451179962,0.0,0.0,0.0,0.0,0.0,0.09166984970282112,0.0,0.0,0.0,0.0,0.14285714285714282,0.08671099695241198,0.1091089451179962,0.0,0.0,0.0,0.0
동작구,0.0,0.0,0.05564148840746572,0.0512989176042577,0.06622661785325219,0.057353933467640436,0.06917144638660747,0.06622661785325219,0.06131393394849658,0.06917144638660747,0.06131393394849658,0.05263157894736841,0.06362847629757777,0.05564148840746572,0.0,0.057353933467640436,0.057353933467640436,0.0,0.08671099695241198,0.05263157894736841,0.06622661785325219,0.0,0.0,0.057353933467640436,0.059234887775909226
관악구,0.0,0.0,0.0700140042014005,0.06454972243679029,0.08333333333333336,0.07216878364870323,0.08703882797784893,0.08333333333333336,0.0,0.0,0.0,0.0,0.08006407690254358,0.0700140042014005,0.0,0.0,0.0,0.1091089451179962,0.1091089451179962,0.06622661785325219,0.08333333333333336,0.0,0.0,0.0,0.0
서초구,0.0,0.0,0.0,0.06454972243679029,0.0,0.0,0.0,0.0,0.07715167498104597,0.0,0.07715167498104597,0.06622661785325219,0.0,0.0700140042014005,0.08703882797784893,0.07216878364870323,0.07216878364870323,0.0,0.0,0.0,0.0,0.08333333333333336,0.08006407690254358,0.07216878364870323,0.07453559924999299
강남구,0.0,0.0,0.0,0.06201736729460423,0.0,0.0,0.0,0.0,0.07412493166611013,0.08362420100070908,0.07412493166611013,0.06362847629757777,0.0,0.06726727939963124,0.08362420100070908,0.06933752452815364,0.06933752452815364,0.0,0.0,0.0,0.0,0.08006407690254358,0.07692307692307693,0.06933752452815364,0.07161148740394328
송파구,0.0,0.0,0.06063390625908324,0.05590169943749474,0.07216878364870323,0.0,0.0,0.0,0.0668153104781061,0.07537783614444091,0.0668153104781061,0.057353933467640436,0.0,0.06063390625908324,0.07537783614444091,0.0625,0.0625,0.0,0.0,0.057353933467640436,0.0,0.07216878364870323,0.06933752452815364,0.0625,0.06454972243679027
강동구,0.0,0.0,0.06262242910851494,0.05773502691896257,0.0,0.06454972243679027,0.0,0.0,0.06900655593423542,0.0778498944161523,0.06900655593423542,0.059234887775909226,0.0,0.0,0.0778498944161523,0.06454972243679027,0.06454972243679027,0.0,0.0,0.059234887775909226,0.0,0.07453559924999299,0.07161148740394328,0.06454972243679027,0.06666666666666665
